65531 -154.00   86.00
65528 -172.41   86.83
65525 -154.00   87.00
65522 -135.59   86.83
65519  179.50   87.76
65516 -154.00   88.00
65513 -127.50   87.76
65510  143.13   87.75
65507  161.18   88.58
65504 -154.00   89.00
65501 -109.18   88.58
65498  -91.13   87.75
65495  117.05   87.00
65492  116.70   88.00
65489  116.35   89.00
65486   26.57   90.00
65483  -64.35   89.00
65480  -64.70   88.00
65477  -65.05   87.00
65474  103.26   85.90
65471   98.50   86.85
65468   89.99   87.77
65465   71.17   88.59
65462   26.00   89.00
65459  -19.17   88.59
65456  -37.99   87.77
65453  -46.50   86.85
65450  -51.26   85.90
65447   95.67   84.67
65444   90.53   85.57
65441   83.02   86.42
65438   71.34   87.19
65435   52.64   87.77
65432   26.00   88.00
65429   -0.64   87.77
65426  -19.34   87.19
65423  -31.02   86.42
65420  -38.53   85.57
65417  -43.67   84.67
65414   91.05   83.38
65411   86.28   84.24
65408   80.00   85.05
65405   71.51   85.79
65402   59.91   86.41
65399   44.48   86.84
65396   26.00   87.00
65393    7.52   86.84
65390   -7.91   86.41
65387  -19.51   85.79
65384  -28.00   85.05
65381  -34.28   84.24
65378  -39.05   83.38
65375   88.01   82.07
65372   83.70   82.90
65369   78.36   83.68
65366   71.68   84.40
65363   63.24   85.04
65360   52.71   85.55
65357   40.07   85.88
65354   26.00   86.00
65351   11.93   85.88
65348   -0.71   85.55
65345  -11.24   85.04
65342  -19.68   84.40
65339  -26.36   83.68
65336  -31.70   82.90
65333  -36.01   82.07
65330   85.89   80.74
65327   82.00   81.55
65324   77.37   82.31
65321   71.84   83.02
65318   65.20   83.66
65315   57.25   84.21
65312   47.91   84.63
65309   37.34   84.91
65306   26.00   85.00
65303   14.66   84.91
65300    4.09   84.63
65297   -5.25   84.21
65294  -13.20   83.66
65291  -19.84   83.02
65288  -25.37   82.31
65285  -30.00   81.55
65282  -33.89   80.74
65279   87.43   78.60
65276   84.35   79.41
65273   80.81   80.20
65270   76.73   80.94
65267   72.00   81.65
65264   66.50   82.29
65261   60.13   82.86
65258   52.80   83.33
65255   44.53   83.69
65252   35.49   83.92
65249   26.00   84.00
65246   16.51   83.92
65243    7.47   83.69
65240   -0.80   83.33
65237   -8.13   82.86
65234  -14.50   82.29
65231  -20.00   81.65
65228  -24.73   80.94
65225  -28.81   80.20
65222  -32.35   79.41
65219  -35.43   78.60
65216   86.06   77.28
65213   83.18   78.08
65210   79.95   78.84
65207   76.30   79.58
65204   72.16   80.27
65201   67.46   80.92
65198   62.13   81.50
65195   56.11   82.01
65192   49.39   82.43
65189   42.03   82.74
65186   34.16   82.93
65183   26.00   83.00
65180   17.84   82.93
65177    9.97   82.74
65174    2.61   82.43
65171   -4.11   82.01
65168  -10.13   81.50
65165  -15.46   80.92
65162  -20.16   80.27
65159  -24.30   79.58
65156  -27.95   78.84
65153  -31.18   78.08
65150  -34.06   77.28
65147   84.97   75.96
65144   82.29   76.74
65141   79.31   77.49
65138   76.01   78.22
65135   72.32   78.91
65132   68.21   79.55
65129   63.62   80.14
65126   58.52   80.67
65123   52.88   81.13
65120   46.73   81.50
65117   40.12   81.77
65114   33.15   81.94
65111   26.00   82.00
65108   18.85   81.94
65105   11.88   81.77
65102    5.27   81.50
65099   -0.88   81.13
65096   -6.52   80.67
65093  -11.62   80.14
65090  -16.21   79.55
65087  -20.32   78.91
65084  -24.01   78.22
65081  -27.31   77.49
65078  -30.29   76.74
65075  -32.97   75.96
65072   86.40   73.85
65069   84.10   74.63
65066   81.58   75.40
65063   78.83   76.15
65060   75.80   76.86
65057   72.48   77.54
65054   68.81   78.18
65051   64.78   78.78
65048   60.35   79.32
65045   55.51   79.81
65042   50.25   80.22
65039   44.59   80.55
65036   38.61   80.80
65033   32.37   80.95
65030   26.00   81.00
65027   19.63   80.95
65024   13.39   80.80
65021    7.41   80.55
65018    1.75   80.22
65015   -3.51   79.81
65012   -8.35   79.32
65009  -12.78   78.78
65006  -16.81   78.18
65003  -20.48   77.54
65000  -23.80   76.86
64997  -26.83   76.15
64994  -29.58   75.40
64991  -32.10   74.63
64988  -34.40   73.85
64985   87.60   71.74
64982   85.57   72.53
64979   83.39   73.31
64976   81.02   74.07
64973   78.46   74.80
64970   75.67   75.50
64967   72.63   76.18
64964   69.33   76.82
64961   65.73   77.42
64958   61.81   77.98
64955   57.56   78.48
64952   52.97   78.92
64949   48.06   79.30
64946   42.85   79.60
64943   37.39   79.82
64940   31.74   79.95
64937   26.00   80.00
64934   20.26   79.95
64931   14.61   79.82
64928    9.15   79.60
64925    3.94   79.30
64922   -0.97   78.92
64919   -5.56   78.48
64916   -9.81   77.98
64913  -13.73   77.42
64910  -17.33   76.82
64907  -20.63   76.18
64904  -23.67   75.50
64901  -26.46   74.80
64898  -29.02   74.07
64895  -31.39   73.31
64892  -33.57   72.53
64889  -35.60   71.74
64886   88.64   69.64
64883   86.82   70.44
64880   84.88   71.22
64877   82.80   71.98
64874   80.57   72.73
64871   78.17   73.45
64868   75.58   74.15
64865   72.79   74.82
64862   69.77   75.46
64859   66.51   76.07
64856   63.00   76.63
64853   59.22   77.15
64850   55.16   77.61
64847   50.82   78.02
64844   46.23   78.36
64841   41.40   78.64
64838   36.39   78.84
64835   31.23   78.96
64832   26.00   79.00
64829   20.77   78.96
64826   15.61   78.84
64823   10.60   78.64
64820    5.77   78.36
64817    1.18   78.02
64814   -3.16   77.61
64811   -7.22   77.15
64808  -11.00   76.63
64805  -14.51   76.07
64802  -17.77   75.46
64799  -20.79   74.82
64796  -23.58   74.15
64793  -26.17   73.45
64790  -28.57   72.73
64787  -30.80   71.98
64784  -32.88   71.22
64781  -34.82   70.44
64778  -36.64   69.64
64775   89.56   67.54
64772   87.91   68.34
64769   86.16   69.13
64766   84.30   69.90
64763   82.32   70.66
64760   80.21   71.39
64757   77.95   72.11
64754   75.53   72.80
64751   72.94   73.47
64748   70.17   74.11
64745   67.19   74.71
64742   64.00   75.28
64739   60.59   75.81
64736   56.95   76.29
64733   53.07   76.72
64730   48.98   77.10
64727   44.67   77.42
64724   40.18   77.67
64721   35.55   77.85
64718   30.80   77.96
64715   26.00   78.00
64712   21.20   77.96
64709   16.45   77.85
64706   11.82   77.67
64703    7.33   77.42
64700    3.02   77.10
64697   -1.07   76.72
64694   -4.95   76.29
64691   -8.59   75.81
64688  -12.00   75.28
64685  -15.19   74.71
64682  -18.17   74.11
64679  -20.94   73.47
64676  -23.53   72.80
64673  -25.95   72.11
64670  -28.21   71.39
64667  -30.32   70.66
64664  -32.30   69.90
64661  -34.16   69.13
64658  -35.91   68.34
64655  -37.56   67.54
64652   90.38   65.45
64649   88.87   66.25
64646   87.27   67.04
64643   85.59   67.82
64640   83.81   68.58
64637   81.92   69.33
64634   79.91   70.06
64631   77.78   70.77
64628   75.51   71.45
64625   73.10   72.12
64622   70.52   72.75
64619   67.78   73.36
64616   64.86   73.93
64613   61.75   74.47
64610   58.44   74.96
64607   54.95   75.42
64604   51.26   75.82
64601   47.38   76.17
64598   43.34   76.46
64595   39.14   76.70
64592   34.83   76.86
64589   30.44   76.97
64586   26.00   77.00
64583   21.56   76.97
64580   17.17   76.86
64577   12.86   76.70
64574    8.66   76.46
64571    4.62   76.17
64568    0.74   75.82
64565   -2.95   75.42
64562   -6.44   74.96
64559   -9.75   74.47
64556  -12.86   73.93
64553  -15.78   73.36
64550  -18.52   72.75
64547  -21.10   72.12
64544  -23.51   71.45
64541  -25.78   70.77
64538  -27.91   70.06
64535  -29.92   69.33
64532  -31.81   68.58
64529  -33.59   67.82
64526  -35.27   67.04
64523  -36.87   66.25
64520  -38.38   65.45
64517   92.48   62.55
64514   91.14   63.37
64511   89.74   64.17
64508   88.27   64.96
64505   86.73   65.74
64502   85.10   66.51
64499   83.39   67.26
64496   81.58   68.00
64493   79.67   68.72
64490   77.65   69.42
64487   75.52   70.11
64484   73.25   70.76
64481   70.85   71.40
64478   68.30   72.01
64475   65.60   72.58
64472   62.75   73.13
64469   59.72   73.63
64466   56.54   74.10
64463   53.18   74.53
64460   49.66   74.90
64457   45.99   75.23
64454   42.18   75.50
64451   38.25   75.72
64448   34.22   75.87
64445   30.13   75.97
64442   26.00   76.00
64439   21.87   75.97
64436   17.78   75.87
64433   13.75   75.72
64430    9.82   75.50
64427    6.01   75.23
64424    2.34   74.90
64421   -1.18   74.53
64418   -4.54   74.10
64415   -7.72   73.63
64412  -10.75   73.13
64409  -13.60   72.58
64406  -16.30   72.01
64403  -18.85   71.40
64400  -21.25   70.76
64397  -23.52   70.11
64394  -25.65   69.42
64391  -27.67   68.72
64388  -29.58   68.00
64385  -31.39   67.26
64382  -33.10   66.51
64379  -34.73   65.74
64376  -36.27   64.96
64373  -37.74   64.17
64370  -39.14   63.37
64367  -40.48   62.55
64364   94.31   59.65
64361   93.10   60.47
64358   91.85   61.29
64355   90.54   62.09
64352   89.17   62.88
64349   87.74   63.67
64346   86.25   64.44
64343   84.68   65.20
64340   83.03   65.94
64337   81.30   66.67
64334   79.48   67.39
64331   77.56   68.08
64328   75.54   68.76
64325   73.40   69.42
64322   71.15   70.05
64319   68.77   70.66
64316   66.27   71.24
64313   63.62   71.78
64310   60.83   72.30
64307   57.90   72.78
64304   54.83   73.22
64301   51.61   73.62
64298   48.25   73.98
64295   44.77   74.28
64292   41.17   74.54
64289   37.47   74.74
64286   33.69   74.88
64283   29.86   74.97
64280   26.00   75.00
64277   22.14   74.97
64274   18.31   74.88
64271   14.53   74.74
64268   10.83   74.54
64265    7.23   74.28
64262    3.75   73.98
64259    0.39   73.62
64256   -2.83   73.22
64253   -5.90   72.78
64250   -8.83   72.30
64247  -11.62   71.78
64244  -14.27   71.24
64241  -16.77   70.66
64238  -19.15   70.05
64235  -21.40   69.42
64232  -23.54   68.76
64229  -25.56   68.08
64226  -27.48   67.39
64223  -29.30   66.67
64220  -31.03   65.94
64217  -32.68   65.20
64214  -34.25   64.44
64211  -35.74   63.67
64208  -37.17   62.88
64205  -38.54   62.09
64202  -39.85   61.29
64199  -41.10   60.47
64196  -42.31   59.65
64193   97.00   55.91
64190   95.94   56.75
64187   94.83   57.58
64184   93.69   58.40
64181   92.51   59.21
64178   91.28   60.01
64175   90.00   60.81
64172   88.67   61.59
64169   87.28   62.37
64166   85.83   63.13
64163   84.31   63.88
64160   82.73   64.62
64157   81.06   65.34
64154   79.32   66.05
64151   77.49   66.74
64148   75.57   67.41
64145   73.56   68.07
64142   71.43   68.70
64139   69.20   69.31
64136   66.86   69.89
64133   64.40   70.44
64130   61.81   70.97
64127   59.10   71.46
64124   56.26   71.91
64121   53.29   72.33
64118   50.20   72.71
64115   47.00   73.04
64112   43.69   73.33
64109   40.28   73.57
64106   36.78   73.76
64103   33.23   73.89
64100   29.62   73.97
64097   26.00   74.00
64094   22.38   73.97
64091   18.77   73.89
64088   15.22   73.76
64085   11.72   73.57
64082    8.31   73.33
64079    5.00   73.04
64076    1.80   72.71
64073   -1.29   72.33
64070   -4.26   71.91
64067   -7.10   71.46
64064   -9.81   70.97
64061  -12.40   70.44
64058  -14.86   69.89
64055  -17.20   69.31
64052  -19.43   68.70
64049  -21.56   68.07
64046  -23.57   67.41
64043  -25.49   66.74
64040  -27.32   66.05
64037  -29.06   65.34
64034  -30.73   64.62
64031  -32.31   63.88
64028  -33.83   63.13
64025  -35.28   62.37
64022  -36.67   61.59
64019  -38.00   60.81
64016  -39.28   60.01
64013  -40.51   59.21
64010  -41.69   58.40
64007  -42.83   57.58
64004  -43.94   56.75
64001  -45.00   55.91
63998   95.34   55.50
63995   94.25   56.32
63992   93.13   57.14
63989   91.97   57.94
63986   90.76   58.73
63983   89.51   59.52
63980   88.22   60.30
63977   86.87   61.06
63974   85.46   61.82
63971   83.99   62.56
63968   82.47   63.29
63965   80.87   64.01
63962   79.20   64.71
63959   77.45   65.40
63956   75.62   66.07
63953   73.71   66.72
63950   71.70   67.35
63947   69.60   67.96
63944   67.40   68.54
63941   65.09   69.10
63938   62.68   69.63
63935   60.15   70.13
63932   57.51   70.60
63929   54.77   71.03
63926   51.91   71.43
63923   48.94   71.78
63920   45.88   72.10
63917   42.72   72.37
63914   39.48   72.59
63911   36.18   72.77
63908   32.82   72.90
63905   29.42   72.97
63902   26.00   73.00
63899   22.58   72.97
63896   19.18   72.90
63893   15.82   72.77
63890   12.52   72.59
63887    9.28   72.37
63884    6.12   72.10
63881    3.06   71.78
63878    0.09   71.43
63875   -2.77   71.03
63872   -5.51   70.60
63869   -8.15   70.13
63866  -10.68   69.63
63863  -13.09   69.10
63860  -15.40   68.54
63857  -17.60   67.96
63854  -19.70   67.35
63851  -21.71   66.72
63848  -23.62   66.07
63845  -25.45   65.40
63842  -27.20   64.71
63839  -28.87   64.01
63836  -30.47   63.29
63833  -31.99   62.56
63830  -33.46   61.82
63827  -34.87   61.06
63824  -36.22   60.30
63821  -37.51   59.52
63818  -38.76   58.73
63815  -39.97   57.94
63812  -41.13   57.14
63809  -42.25   56.32
63806  -43.34   55.50
63803   93.72   55.06
63800   92.62   55.87
63797   91.48   56.66
63794   90.30   57.45
63791   89.08   58.23
63788   87.82   59.00
63785   86.50   59.76
63782   85.14   60.51
63779   83.72   61.24
63776   82.24   61.97
63773   80.71   62.68
63770   79.10   63.38
63767   77.43   64.06
63764   75.68   64.72
63761   73.86   65.37
63758   71.96   66.00
63755   69.97   66.61
63752   67.89   67.19
63749   65.72   67.76
63746   63.46   68.29
63743   61.09   68.80
63740   58.63   69.28
63737   56.07   69.72
63734   53.41   70.14
63731   50.66   70.51
63728   47.81   70.85
63725   44.88   71.15
63722   41.86   71.41
63719   38.78   71.62
63716   35.64   71.78
63713   32.45   71.90
63710   29.23   71.98
63707   26.00   72.00
63704   22.77   71.98
63701   19.55   71.90
63698   16.36   71.78
63695   13.22   71.62
63692   10.14   71.41
63689    7.12   71.15
63686    4.19   70.85
63683    1.34   70.51
63680   -1.41   70.14
63677   -4.07   69.72
63674   -6.63   69.28
63671   -9.09   68.80
63668  -11.46   68.29
63665  -13.72   67.76
63662  -15.89   67.19
63659  -17.97   66.61
63656  -19.96   66.00
63653  -21.86   65.37
63650  -23.68   64.72
63647  -25.43   64.06
63644  -27.10   63.38
63641  -28.71   62.68
63638  -30.24   61.97
63635  -31.72   61.24
63632  -33.14   60.51
63629  -34.50   59.76
63626  -35.82   59.00
63623  -37.08   58.23
63620  -38.30   57.45
63617  -39.48   56.66
63614  -40.62   55.87
63611  -41.72   55.06
63608   91.04   55.38
63605   89.88   56.16
63602   88.69   56.93
63599   87.46   57.70
63596   86.18   58.45
63593   84.86   59.19
63590   83.48   59.92
63587   82.06   60.64
63584   80.57   61.35
63581   79.03   62.04
63578   77.43   62.72
63575   75.76   63.38
63572   74.02   64.02
63569   72.20   64.65
63566   70.32   65.26
63563   68.35   65.85
63560   66.30   66.41
63557   64.16   66.95
63554   61.94   67.47
63551   59.64   67.95
63548   57.24   68.41
63545   54.75   68.84
63542   52.18   69.23
63539   49.52   69.59
63536   46.78   69.91
63533   43.97   70.19
63530   41.09   70.44
63527   38.15   70.64
63524   35.15   70.80
63521   32.13   70.91
63518   29.07   70.98
63515   26.00   71.00
63512   22.93   70.98
63509   19.87   70.91
63506   16.85   70.80
63503   13.85   70.64
63500   10.91   70.44
63497    8.03   70.19
63494    5.22   69.91
63491    2.48   69.59
63488   -0.18   69.23
63485   -2.75   68.84
63482   -5.24   68.41
63479   -7.64   67.95
63476   -9.94   67.47
63473  -12.16   66.95
63470  -14.30   66.41
63467  -16.35   65.85
63464  -18.32   65.26
63461  -20.20   64.65
63458  -22.02   64.02
63455  -23.76   63.38
63452  -25.43   62.72
63449  -27.03   62.04
63446  -28.57   61.35
63443  -30.06   60.64
63440  -31.48   59.92
63437  -32.86   59.19
63434  -34.18   58.45
63431  -35.46   57.70
63428  -36.69   56.93
63425  -37.88   56.16
63422  -39.04   55.38
63419   89.51   54.87
63416   88.34   55.63
63413   87.14   56.39
63410   85.90   57.13
63407   84.61   57.87
63404   83.28   58.60
63401   81.90   59.31
63398   80.46   60.01
63395   78.98   60.70
63392   77.44   61.37
63389   75.83   62.03
63386   74.17   62.68
63383   72.44   63.30
63380   70.64   63.91
63377   68.77   64.50
63374   66.83   65.07
63371   64.81   65.61
63368   62.72   66.13
63365   60.54   66.63
63362   58.29   67.09
63359   55.95   67.53
63356   53.54   67.94
63353   51.05   68.32
63350   48.49   68.66
63347   45.85   68.97
63344   43.15   69.24
63341   40.39   69.47
63338   37.58   69.66
63335   34.72   69.81
63332   31.83   69.91
63329   28.92   69.98
63326   26.00   70.00
63323   23.08   69.98
63320   20.17   69.91
63317   17.28   69.81
63314   14.42   69.66
63311   11.61   69.47
63308    8.85   69.24
63305    6.15   68.97
63302    3.51   68.66
63299    0.95   68.32
63296   -1.54   67.94
63293   -3.95   67.53
63290   -6.29   67.09
63287   -8.54   66.63
63284  -10.72   66.13
63281  -12.81   65.61
63278  -14.83   65.07
63275  -16.77   64.50
63272  -18.64   63.91
63269  -20.44   63.30
63266  -22.17   62.68
63263  -23.83   62.03
63260  -25.44   61.37
63257  -26.98   60.70
63254  -28.46   60.01
63251  -29.90   59.31
63248  -31.28   58.60
63245  -32.61   57.87
63242  -33.90   57.13
63239  -35.14   56.39
63236  -36.34   55.63
63233  -37.51   54.87
63230   88.03   54.33
63227   86.86   55.08
63224   85.65   55.82
63221   84.39   56.55
63218   83.10   57.27
63215   81.76   57.98
63212   80.38   58.67
63209   78.95   59.36
63206   77.46   60.03
63203   75.92   60.69
63200   74.32   61.33
63197   72.67   61.95
63194   70.95   62.56
63191   69.17   63.15
63188   67.33   63.72
63185   65.41   64.27
63182   63.43   64.79
63179   61.37   65.30
63176   59.24   65.77
63173   57.04   66.22
63170   54.77   66.64
63167   52.43   67.04
63164   50.02   67.40
63161   47.54   67.72
63158   45.00   68.02
63155   42.40   68.27
63152   39.75   68.49
63149   37.06   68.67
63146   34.33   68.82
63143   31.57   68.92
63140   28.79   68.98
63137   26.00   69.00
63134   23.21   68.98
63131   20.43   68.92
63128   17.67   68.82
63125   14.94   68.67
63122   12.25   68.49
63119    9.60   68.27
63116    7.00   68.02
63113    4.46   67.72
63110    1.98   67.40
63107   -0.43   67.04
63104   -2.77   66.64
63101   -5.04   66.22
63098   -7.24   65.77
63095   -9.37   65.30
63092  -11.43   64.79
63089  -13.41   64.27
63086  -15.33   63.72
63083  -17.17   63.15
63080  -18.95   62.56
63077  -20.67   61.95
63074  -22.32   61.33
63071  -23.92   60.69
63068  -25.46   60.03
63065  -26.95   59.36
63062  -28.38   58.67
63059  -29.76   57.98
63056  -31.10   57.27
63053  -32.39   56.55
63050  -33.65   55.82
63047  -34.86   55.08
63044  -36.03   54.33
63041   85.42   54.50
63038   84.21   55.22
63035   82.95   55.94
63032   81.65   56.64
63029   80.31   57.34
63026   78.93   58.02
63023   77.50   58.68
63020   76.01   59.34
63017   74.48   59.98
63014   72.89   60.60
63011   71.25   61.21
63008   69.55   61.80
63005   67.79   62.37
63002   65.97   62.92
62999   64.08   63.45
62996   62.13   63.96
62993   60.12   64.45
62990   58.03   64.91
62987   55.89   65.34
62984   53.68   65.75
62981   51.40   66.12
62978   49.07   66.47
62975   46.67   66.78
62972   44.22   67.06
62969   41.72   67.31
62966   39.17   67.52
62963   36.59   67.69
62960   33.97   67.82
62957   31.33   67.92
62954   28.67   67.98
62951   26.00   68.00
62948   23.33   67.98
62945   20.67   67.92
62942   18.03   67.82
62939   15.41   67.69
62936   12.83   67.52
62933   10.28   67.31
62930    7.78   67.06
62927    5.33   66.78
62924    2.93   66.47
62921    0.60   66.12
62918   -1.68   65.75
62915   -3.89   65.34
62912   -6.03   64.91
62909   -8.12   64.45
62906  -10.13   63.96
62903  -12.08   63.45
62900  -13.97   62.92
62897  -15.79   62.37
62894  -17.55   61.80
62891  -19.25   61.21
62888  -20.89   60.60
62885  -22.48   59.98
62882  -24.01   59.34
62879  -25.50   58.68
62876  -26.93   58.02
62873  -28.31   57.34
62870  -29.65   56.64
62867  -30.95   55.94
62864  -32.21   55.22
62861  -33.42   54.50
62858   84.04   53.89
62855   82.82   54.60
62852   81.56   55.30
62849   80.27   55.99
62846   78.93   56.67
62843   77.54   57.34
62840   76.11   57.99
62837   74.64   58.63
62834   73.11   59.25
62831   71.54   59.86
62828   69.91   60.45
62825   68.22   61.02
62822   66.49   61.58
62819   64.69   62.11
62816   62.83   62.63
62813   60.92   63.12
62810   58.95   63.59
62807   56.91   64.03
62804   54.82   64.45
62801   52.67   64.84
62798   50.46   65.20
62795   48.19   65.53
62792   45.87   65.83
62789   43.51   66.10
62786   41.10   66.34
62783   38.64   66.54
62780   36.16   66.70
62777   33.64   66.83
62774   31.11   66.93
62771   28.56   66.98
62768   26.00   67.00
62765   23.44   66.98
62762   20.89   66.93
62759   18.36   66.83
62756   15.84   66.70
62753   13.36   66.54
62750   10.90   66.34
62747    8.49   66.10
62744    6.13   65.83
62741    3.81   65.53
62738    1.54   65.20
62735   -0.67   64.84
62732   -2.82   64.45
62729   -4.91   64.03
62726   -6.95   63.59
62723   -8.92   63.12
62720  -10.83   62.63
62717  -12.69   62.11
62714  -14.49   61.58
62711  -16.22   61.02
62708  -17.91   60.45
62705  -19.54   59.86
62702  -21.11   59.25
62699  -22.64   58.63
62696  -24.11   57.99
62693  -25.54   57.34
62690  -26.93   56.67
62687  -28.27   55.99
62684  -29.56   55.30
62681  -30.82   54.60
62678  -32.04   53.89
62675   82.72   53.27
62672   81.49   53.96
62669   80.23   54.65
62666   78.94   55.32
62663   77.60   55.99
62660   76.22   56.64
62657   74.80   57.27
62654   73.33   57.90
62651   71.81   58.51
62648   70.25   59.10
62645   68.64   59.67
62642   66.97   60.23
62639   65.26   60.77
62636   63.49   61.29
62633   61.67   61.79
62630   59.79   62.26
62627   57.85   62.72
62624   55.87   63.14
62621   53.82   63.55
62618   51.73   63.92
62615   49.58   64.27
62612   47.38   64.59
62609   45.14   64.88
62606   42.85   65.14
62603   40.52   65.36
62600   38.16   65.56
62597   35.77   65.72
62594   33.35   65.84
62591   30.91   65.93
62588   28.46   65.98
62585   26.00   66.00
62582   23.54   65.98
62579   21.09   65.93
62576   18.65   65.84
62573   16.23   65.72
62570   13.84   65.56
62567   11.48   65.36
62564    9.15   65.14
62561    6.86   64.88
62558    4.62   64.59
62555    2.42   64.27
62552    0.27   63.92
62549   -1.82   63.55
62546   -3.87   63.14
62543   -5.85   62.72
62540   -7.79   62.26
62537   -9.67   61.79
62534  -11.49   61.29
62531  -13.26   60.77
62528  -14.97   60.23
62525  -16.64   59.67
62522  -18.25   59.10
62519  -19.81   58.51
62516  -21.33   57.90
62513  -22.80   57.27
62510  -24.22   56.64
62507  -25.60   55.99
62504  -26.94   55.32
62501  -28.23   54.65
62498  -29.49   53.96
62495  -30.72   53.27
62492   81.44   52.62
62489   80.22   53.30
62486   78.96   53.97
62483   77.66   54.63
62480   76.33   55.28
62477   74.95   55.92
62474   73.54   56.54
62471   72.08   57.15
62468   70.58   57.74
62465   69.03   58.32
62462   67.44   58.88
62459   65.79   59.42
62456   64.10   59.95
62453   62.36   60.45
62450   60.57   60.93
62447   58.73   61.40
62444   56.83   61.83
62441   54.89   62.25
62438   52.90   62.64
62435   50.85   63.00
62432   48.77   63.34
62429   46.63   63.65
62426   44.46   63.92
62423   42.24   64.17
62420   39.99   64.39
62417   37.71   64.57
62414   35.40   64.73
62411   33.07   64.85
62408   30.72   64.93
62405   28.37   64.98
62402   26.00   65.00
62399   23.63   64.98
62396   21.28   64.93
62393   18.93   64.85
62390   16.60   64.73
62387   14.29   64.57
62384   12.01   64.39
62381    9.76   64.17
62378    7.54   63.92
62375    5.37   63.65
62372    3.23   63.34
62369    1.15   63.00
62366   -0.90   62.64
62363   -2.89   62.25
62360   -4.83   61.83
62357   -6.73   61.40
62354   -8.57   60.93
62351  -10.36   60.45
62348  -12.10   59.95
62345  -13.79   59.42
62342  -15.44   58.88
62339  -17.03   58.32
62336  -18.58   57.74
62333  -20.08   57.15
62330  -21.54   56.54
62327  -22.95   55.92
62324  -24.33   55.28
62321  -25.66   54.63
62318  -26.96   53.97
62315  -28.22   53.30
62312  -29.44   52.62
62309   80.21   51.95
62306   78.99   52.62
62303   77.74   53.28
62300   76.44   53.93
62297   75.12   54.56
62294   73.75   55.18
62291   72.34   55.79
62288   70.90   56.39
62285   69.41   56.97
62282   67.87   57.53
62279   66.30   58.07
62276   64.68   58.60
62273   63.01   59.11
62270   61.30   59.60
62267   59.54   60.07
62264   57.73   60.52
62261   55.88   60.94
62258   53.98   61.35
62255   52.03   61.72
62252   50.04   62.07
62249   48.01   62.40
62246   45.94   62.70
62243   43.83   62.96
62240   41.68   63.20
62237   39.51   63.41
62234   37.30   63.59
62231   35.07   63.74
62228   32.82   63.85
62225   30.56   63.93
62222   28.28   63.98
62219   26.00   64.00
62216   23.72   63.98
62213   21.44   63.93
62210   19.18   63.85
62207   16.93   63.74
62204   14.70   63.59
62201   12.49   63.41
62198   10.32   63.20
62195    8.17   62.96
62192    6.06   62.70
62189    3.99   62.40
62186    1.96   62.07
62183   -0.03   61.72
62180   -1.98   61.35
62177   -3.88   60.94
62174   -5.73   60.52
62171   -7.54   60.07
62168   -9.30   59.60
62165  -11.01   59.11
62162  -12.68   58.60
62159  -14.30   58.07
62156  -15.87   57.53
62153  -17.41   56.97
62150  -18.90   56.39
62147  -20.34   55.79
62144  -21.75   55.18
62141  -23.12   54.56
62138  -24.44   53.93
62135  -25.74   53.28
62132  -26.99   52.62
62129  -28.21   51.95
62126   79.04   51.26
62123   77.82   51.92
62120   76.57   52.57
62117   75.28   53.20
62114   73.96   53.82
62111   72.60   54.43
62108   71.20   55.03
62105   69.77   55.61
62102   68.29   56.17
62099   66.78   56.72
62096   65.22   57.26
62093   63.62   57.77
62090   61.98   58.27
62087   60.30   58.74
62084   58.57   59.20
62081   56.80   59.63
62078   54.98   60.05
62075   53.12   60.44
62072   51.23   60.80
62069   49.29   61.14
62066   47.31   61.45
62063   45.29   61.74
62060   43.24   62.00
62057   41.16   62.23
62054   39.05   62.43
62051   36.92   62.61
62048   34.76   62.75
62045   32.59   62.86
62042   30.40   62.94
62039   28.20   62.98
62036   26.00   63.00
62033   23.80   62.98
62030   21.60   62.94
62027   19.41   62.86
62024   17.24   62.75
62021   15.08   62.61
62018   12.95   62.43
62015   10.84   62.23
62012    8.76   62.00
62009    6.71   61.74
62006    4.69   61.45
62003    2.71   61.14
62000    0.77   60.80
61997   -1.12   60.44
61994   -2.98   60.05
61991   -4.80   59.63
61988   -6.57   59.20
61985   -8.30   58.74
61982   -9.98   58.27
61979  -11.62   57.77
61976  -13.22   57.26
61973  -14.78   56.72
61970  -16.29   56.17
61967  -17.77   55.61
61964  -19.20   55.03
61961  -20.60   54.43
61958  -21.96   53.82
61955  -23.28   53.20
61952  -24.57   52.57
61949  -25.82   51.92
61946  -27.04   51.26
61943   76.69   51.20
61940   75.44   51.84
61937   74.16   52.46
61934   72.85   53.07
61931   71.50   53.66
61928   70.12   54.25
61925   68.70   54.82
61922   67.24   55.37
61919   65.74   55.90
61916   64.20   56.42
61913   62.63   56.93
61910   61.01   57.41
61907   59.35   57.87
61904   57.66   58.32
61901   55.92   58.74
61898   54.14   59.14
61895   52.32   59.52
61892   50.47   59.87
61889   48.58   60.20
61886   46.65   60.51
61883   44.69   60.78
61880   42.70   61.03
61877   40.68   61.26
61874   38.63   61.45
61871   36.57   61.62
61868   34.48   61.76
61865   32.37   61.86
61862   30.25   61.94
61859   28.13   61.98
61856   26.00   62.00
61853   23.87   61.98
61850   21.75   61.94
61847   19.63   61.86
61844   17.52   61.76
61841   15.43   61.62
61838   13.37   61.45
61835   11.32   61.26
61832    9.30   61.03
61829    7.31   60.78
61826    5.35   60.51
61823    3.42   60.20
61820    1.53   59.87
61817   -0.32   59.52
61814   -2.14   59.14
61811   -3.92   58.74
61808   -5.66   58.32
61805   -7.35   57.87
61802   -9.01   57.41
61799  -10.63   56.93
61796  -12.20   56.42
61793  -13.74   55.90
61790  -15.24   55.37
61787  -16.70   54.82
61784  -18.12   54.25
61781  -19.50   53.66
61778  -20.85   53.07
61775  -22.16   52.46
61772  -23.44   51.84
61769  -24.69   51.20
61766   75.61   50.47
61763   74.37   51.09
61760   73.10   51.70
61757   71.79   52.30
61754   70.45   52.88
61751   69.08   53.45
61748   67.67   54.01
61745   66.23   54.55
61742   64.75   55.07
61739   63.24   55.58
61736   61.68   56.07
61733   60.09   56.54
61730   58.46   56.99
61727   56.80   57.43
61724   55.09   57.84
61721   53.35   58.23
61718   51.58   58.60
61715   49.76   58.94
61712   47.92   59.26
61709   46.04   59.55
61706   44.13   59.82
61703   42.19   60.07
61700   40.23   60.28
61697   38.24   60.47
61694   36.24   60.63
61691   34.21   60.76
61688   32.17   60.87
61685   30.12   60.94
61682   28.06   60.99
61679   26.00   61.00
61676   23.94   60.99
61673   21.88   60.94
61670   19.83   60.87
61667   17.79   60.76
61664   15.76   60.63
61661   13.76   60.47
61658   11.77   60.28
61655    9.81   60.07
61652    7.87   59.82
61649    5.96   59.55
61646    4.08   59.26
61643    2.24   58.94
61640    0.42   58.60
61637   -1.35   58.23
61634   -3.09   57.84
61631   -4.80   57.43
61628   -6.46   56.99
61625   -8.09   56.54
61622   -9.68   56.07
61619  -11.24   55.58
61616  -12.75   55.07
61613  -14.23   54.55
61610  -15.67   54.01
61607  -17.08   53.45
61604  -18.45   52.88
61601  -19.79   52.30
61598  -21.10   51.70
61595  -22.37   51.09
61592  -23.61   50.47
61589   74.58   49.72
61586   73.34   50.33
61583   72.08   50.93
61580   70.78   51.51
61577   69.46   52.09
61574   68.10   52.65
61571   66.70   53.19
61568   65.28   53.72
61565   63.82   54.23
61562   62.32   54.73
61559   60.79   55.21
61556   59.22   55.67
61553   57.62   56.11
61550   55.99   56.53
61547   54.31   56.93
61544   52.61   57.31
61541   50.87   57.67
61538   49.10   58.00
61535   47.30   58.31
61532   45.47   58.60
61529   43.61   58.86
61526   41.72   59.10
61523   39.81   59.30
61520   37.88   59.49
61517   35.93   59.64
61514   33.96   59.77
61511   31.98   59.87
61508   30.00   59.94
61505   28.00   59.99
61502   26.00   60.00
61499   24.00   59.99
61496   22.00   59.94
61493   20.02   59.87
61490   18.04   59.77
61487   16.07   59.64
61484   14.12   59.49
61481   12.19   59.30
61478   10.28   59.10
61475    8.39   58.86
61472    6.53   58.60
61469    4.70   58.31
61466    2.90   58.00
61463    1.13   57.67
61460   -0.61   57.31
61457   -2.31   56.93
61454   -3.99   56.53
61451   -5.62   56.11
61448   -7.22   55.67
61445   -8.79   55.21
61442  -10.32   54.73
61439  -11.82   54.23
61436  -13.28   53.72
61433  -14.70   53.19
61430  -16.10   52.65
61427  -17.46   52.09
61424  -18.78   51.51
61421  -20.08   50.93
61418  -21.34   50.33
61415  -22.58   49.72
61412   73.59   48.95
61409   72.36   49.55
61406   71.10   50.14
61403   69.82   50.72
61400   68.50   51.28
61397   67.16   51.83
61394   65.78   52.36
61391   64.37   52.88
61388   62.93   53.38
61385   61.45   53.87
61382   59.94   54.33
61379   58.40   54.78
61376   56.83   55.21
61373   55.22   55.62
61370   53.58   56.02
61367   51.91   56.38
61364   50.21   56.73
61361   48.48   57.06
61358   46.72   57.36
61355   44.93   57.64
61352   43.12   57.89
61349   41.28   58.12
61346   39.42   58.33
61343   37.54   58.50
61340   35.64   58.65
61337   33.73   58.78
61334   31.81   58.88
61331   29.88   58.94
61328   27.94   58.99
61325   26.00   59.00
61322   24.06   58.99
61319   22.12   58.94
61316   20.19   58.88
61313   18.27   58.78
61310   16.36   58.65
61307   14.46   58.50
61304   12.58   58.33
61301   10.72   58.12
61298    8.88   57.89
61295    7.07   57.64
61292    5.28   57.36
61289    3.52   57.06
61286    1.79   56.73
61283    0.09   56.38
61280   -1.58   56.02
61277   -3.22   55.62
61274   -4.83   55.21
61271   -6.40   54.78
61268   -7.94   54.33
61265   -9.45   53.87
61262  -10.93   53.38
61259  -12.37   52.88
61256  -13.78   52.36
61253  -15.16   51.83
61250  -16.50   51.28
61247  -17.82   50.72
61244  -19.10   50.14
61241  -20.36   49.55
61238  -21.59   48.95
61235   72.64   48.17
61232   71.42   48.77
61229   70.17   49.34
61226   68.90   49.91
61223   67.59   50.46
61220   66.26   51.00
61217   64.90   51.52
61214   63.51   52.03
61211   62.08   52.52
61208   60.63   52.99
61205   59.14   53.45
61202   57.63   53.89
61199   56.08   54.31
61196   54.50   54.71
61193   52.89   55.09
61190   51.25   55.46
61187   49.59   55.79
61184   47.89   56.11
61181   46.17   56.41
61178   44.43   56.68
61175   42.66   56.92
61172   40.87   57.15
61169   39.05   57.34
61166   37.22   57.52
61163   35.38   57.66
61160   33.52   57.78
61157   31.65   57.88
61154   29.77   57.95
61151   27.89   57.99
61148   26.00   58.00
61145   24.11   57.99
61142   22.23   57.95
61139   20.35   57.88
61136   18.48   57.78
61133   16.62   57.66
61130   14.78   57.52
61127   12.95   57.34
61124   11.13   57.15
61121    9.34   56.92
61118    7.57   56.68
61115    5.83   56.41
61112    4.11   56.11
61109    2.41   55.79
61106    0.75   55.46
61103   -0.89   55.09
61100   -2.50   54.71
61097   -4.08   54.31
61094   -5.63   53.89
61091   -7.14   53.45
61088   -8.63   52.99
61085  -10.08   52.52
61082  -11.51   52.03
61079  -12.90   51.52
61076  -14.26   51.00
61073  -15.59   50.46
61070  -16.90   49.91
61067  -18.17   49.34
61064  -19.42   48.77
61061  -20.64   48.17
61058   71.73   47.38
61055   70.52   47.96
61052   69.28   48.53
61049   68.02   49.09
61046   66.73   49.63
61043   65.41   50.16
61040   64.06   50.67
61037   62.69   51.17
61034   61.28   51.65
61031   59.85   52.11
61028   58.38   52.56
61025   56.89   52.99
61022   55.37   53.40
61019   53.82   53.80
61016   52.24   54.17
61013   50.63   54.52
61010   49.00   54.85
61007   47.34   55.16
61004   45.66   55.45
61001   43.95   55.71
60998   42.23   55.95
60995   40.48   56.17
60992   38.71   56.36
60989   36.93   56.53
60986   35.13   56.67
60983   33.32   56.79
60980   31.50   56.88
60977   29.67   56.95
60974   27.84   56.99
60971   26.00   57.00
60968   24.16   56.99
60965   22.33   56.95
60962   20.50   56.88
60959   18.68   56.79
60956   16.87   56.67
60953   15.07   56.53
60950   13.29   56.36
60947   11.52   56.17
60944    9.77   55.95
60941    8.05   55.71
60938    6.34   55.45
60935    4.66   55.16
60932    3.00   54.85
60929    1.37   54.52
60926   -0.24   54.17
60923   -1.82   53.80
60920   -3.37   53.40
60917   -4.89   52.99
60914   -6.38   52.56
60911   -7.85   52.11
60908   -9.28   51.65
60905  -10.69   51.17
60902  -12.06   50.67
60899  -13.41   50.16
60896  -14.73   49.63
60893  -16.02   49.09
60890  -17.28   48.53
60887  -18.52   47.96
60884  -19.73   47.38
60881   70.86   46.58
60878   69.66   47.15
60875   68.43   47.71
60872   67.18   48.26
60869   65.90   48.79
60866   64.60   49.31
60863   63.26   49.81
60860   61.90   50.30
60857   60.52   50.77
60854   59.10   51.23
60851   57.66   51.67
60848   56.19   52.09
60845   54.70   52.49
60842   53.17   52.87
60839   51.62   53.24
60836   50.05   53.58
60833   48.45   53.90
60830   46.82   54.21
60827   45.18   54.49
60824   43.51   54.74
60821   41.82   54.98
60818   40.11   55.19
60815   38.39   55.38
60812   36.65   55.54
60809   34.89   55.68
60806   33.13   55.80
60803   31.35   55.89
60800   29.57   55.95
60797   27.79   55.99
60794   26.00   56.00
60791   24.21   55.99
60788   22.43   55.95
60785   20.65   55.89
60782   18.87   55.80
60779   17.11   55.68
60776   15.35   55.54
60773   13.61   55.38
60770   11.89   55.19
60767   10.18   54.98
60764    8.49   54.74
60761    6.82   54.49
60758    5.18   54.21
60755    3.55   53.90
60752    1.95   53.58
60749    0.38   53.24
60746   -1.17   52.87
60743   -2.70   52.49
60740   -4.19   52.09
60737   -5.66   51.67
60734   -7.10   51.23
60731   -8.52   50.77
60728   -9.90   50.30
60725  -11.26   49.81
60722  -12.60   49.31
60719  -13.90   48.79
60716  -15.18   48.26
60713  -16.43   47.71
60710  -17.66   47.15
60707  -18.86   46.58
60704   70.02   45.76
60701   68.83   46.32
60698   67.62   46.88
60695   66.38   47.41
60692   65.11   47.94
60689   63.82   48.45
60686   62.50   48.94
60683   61.16   49.42
60680   59.79   49.88
60677   58.40   50.33
60674   56.98   50.76
60671   55.53   51.17
60668   54.06   51.57
60665   52.56   51.95
60662   51.04   52.30
60659   49.49   52.64
60656   47.93   52.95
60653   46.33   53.25
60650   44.72   53.52
60647   43.09   53.78
60644   41.44   54.00
60641   39.77   54.21
60638   38.08   54.39
60635   36.38   54.55
60632   34.67   54.69
60629   32.95   54.80
60626   31.22   54.89
60623   29.48   54.95
60620   27.74   54.99
60617   26.00   55.00
60614   24.26   54.99
60611   22.52   54.95
60608   20.78   54.89
60605   19.05   54.80
60602   17.33   54.69
60599   15.62   54.55
60596   13.92   54.39
60593   12.23   54.21
60590   10.56   54.00
60587    8.91   53.78
60584    7.28   53.52
60581    5.67   53.25
60578    4.07   52.95
60575    2.51   52.64
60572    0.96   52.30
60569   -0.56   51.95
60566   -2.06   51.57
60563   -3.53   51.17
60560   -4.98   50.76
60557   -6.40   50.33
60554   -7.79   49.88
60551   -9.16   49.42
60548  -10.50   48.94
60545  -11.82   48.45
60542  -13.11   47.94
60539  -14.38   47.41
60536  -15.62   46.88
60533  -16.83   46.32
60530  -18.02   45.76
60527   69.22   44.93
60524   68.04   45.49
60521   66.84   46.03
60518   65.61   46.56
60515   64.36   47.08
60512   63.08   47.58
60509   61.78   48.06
60506   60.45   48.53
60503   59.10   48.99
60500   57.73   49.43
60497   56.33   49.85
60494   54.90   50.26
60491   53.46   50.64
60488   51.98   51.01
60485   50.49   51.36
60482   48.97   51.69
60479   47.43   52.00
60476   45.87   52.29
60473   44.29   52.56
60470   42.69   52.80
60467   41.08   53.03
60464   39.44   53.23
60461   37.80   53.41
60458   36.14   53.56
60455   34.47   53.70
60452   32.78   53.81
60449   31.09   53.89
60446   29.40   53.95
60443   27.70   53.99
60440   26.00   54.00
60437   24.30   53.99
60434   22.60   53.95
60431   20.91   53.89
60428   19.22   53.81
60425   17.53   53.70
60422   15.86   53.56
60419   14.20   53.41
60416   12.56   53.23
60413   10.92   53.03
60410    9.31   52.80
60407    7.71   52.56
60404    6.13   52.29
60401    4.57   52.00
60398    3.03   51.69
60395    1.51   51.36
60392    0.02   51.01
60389   -1.46   50.64
60386   -2.90   50.26
60383   -4.33   49.85
60380   -5.73   49.43
60377   -7.10   48.99
60374   -8.45   48.53
60371   -9.78   48.06
60368  -11.08   47.58
60365  -12.36   47.08
60362  -13.61   46.56
60359  -14.84   46.03
60356  -16.04   45.49
60353  -17.22   44.93
60350   68.46   44.10
60347   67.29   44.64
60344   66.09   45.18
60341   64.88   45.70
60338   63.64   46.21
60335   62.37   46.70
60332   61.09   47.18
60329   59.78   47.64
60326   58.45   48.09
60323   57.09   48.52
60320   55.71   48.94
60317   54.31   49.33
60314   52.88   49.71
60311   51.43   50.07
60308   49.97   50.42
60305   48.48   50.74
60302   46.96   51.04
60299   45.43   51.33
60296   43.89   51.59
60293   42.32   51.83
60290   40.74   52.05
60287   39.14   52.25
60284   37.53   52.42
60281   35.90   52.57
60278   34.27   52.70
60275   32.63   52.81
60272   30.98   52.89
60269   29.32   52.95
60266   27.66   52.99
60263   26.00   53.00
60260   24.34   52.99
60257   22.68   52.95
60254   21.02   52.89
60251   19.37   52.81
60248   17.73   52.70
60245   16.10   52.57
60242   14.47   52.42
60239   12.86   52.25
60236   11.26   52.05
60233    9.68   51.83
60230    8.11   51.59
60227    6.57   51.33
60224    5.04   51.04
60221    3.52   50.74
60218    2.03   50.42
60215    0.57   50.07
60212   -0.88   49.71
60209   -2.31   49.33
60206   -3.71   48.94
60203   -5.09   48.52
60200   -6.45   48.09
60197   -7.78   47.64
60194   -9.09   47.18
60191  -10.37   46.70
60188  -11.64   46.21
60185  -12.88   45.70
60182  -14.09   45.18
60179  -15.29   44.64
60176  -16.46   44.10
60173   67.73   43.25
60170   66.57   43.79
60167   65.38   44.31
60164   64.18   44.83
60161   62.95   45.33
60158   61.70   45.81
60155   60.43   46.29
60152   59.14   46.74
60149   57.82   47.18
60146   56.48   47.61
60143   55.12   48.01
60140   53.74   48.41
60137   52.34   48.78
60134   50.91   49.13
60131   49.47   49.47
60128   48.01   49.79
60125   46.52   50.08
60122   45.02   50.36
60119   43.50   50.62
60116   41.97   50.85
60113   40.42   51.07
60110   38.85   51.26
60107   37.27   51.43
60104   35.68   51.58
60101   34.09   51.71
60098   32.48   51.81
60095   30.87   51.90
60092   29.25   51.95
60089   27.62   51.99
60086   26.00   52.00
60083   24.38   51.99
60080   22.75   51.95
60077   21.13   51.90
60074   19.52   51.81
60071   17.91   51.71
60068   16.32   51.58
60065   14.73   51.43
60062   13.15   51.26
60059   11.58   51.07
60056   10.03   50.85
60053    8.50   50.62
60050    6.98   50.36
60047    5.48   50.08
60044    3.99   49.79
60041    2.53   49.47
60038    1.09   49.13
60035   -0.34   48.78
60032   -1.74   48.41
60029   -3.12   48.01
60026   -4.48   47.61
60023   -5.82   47.18
60020   -7.14   46.74
60017   -8.43   46.29
60014   -9.70   45.81
60011  -10.95   45.33
60008  -12.18   44.83
60005  -13.38   44.31
60002  -14.57   43.79
59999  -15.73   43.25
59996   67.03   42.39
59993   65.87   42.92
59990   64.70   43.44
59987   63.51   43.95
59984   62.29   44.44
59981   61.06   44.92
59978   59.80   45.39
59975   58.53   45.84
59972   57.23   46.27
59969   55.91   46.69
59966   54.57   47.09
59963   53.20   47.47
59960   51.82   47.84
59957   50.42   48.19
59954   49.00   48.52
59951   47.56   48.83
59948   46.10   49.12
59945   44.63   49.39
59942   43.14   49.65
59939   41.63   49.88
59936   40.11   50.09
59933   38.58   50.28
59930   37.03   50.45
59927   35.48   50.59
59924   33.91   50.72
59921   32.34   50.82
59918   30.76   50.90
59915   29.18   50.95
59912   27.59   50.99
59909   26.00   51.00
59906   24.41   50.99
59903   22.82   50.95
59900   21.24   50.90
59897   19.66   50.82
59894   18.09   50.72
59891   16.52   50.59
59888   14.97   50.45
59885   13.42   50.28
59882   11.89   50.09
59879   10.37   49.88
59876    8.86   49.65
59873    7.37   49.39
59870    5.90   49.12
59867    4.44   48.83
59864    3.00   48.52
59861    1.58   48.19
59858    0.18   47.84
59855   -1.20   47.47
59852   -2.57   47.09
59849   -3.91   46.69
59846   -5.23   46.27
59843   -6.53   45.84
59840   -7.80   45.39
59837   -9.06   44.92
59834  -10.29   44.44
59831  -11.51   43.95
59828  -12.70   43.44
59825  -13.87   42.92
59822  -15.03   42.39
59819   66.35   41.52
59816   65.21   42.05
59813   64.05   42.56
59810   62.87   43.06
59807   61.67   43.55
59804   60.45   44.02
59801   59.20   44.48
59798   57.94   44.92
59795   56.66   45.35
59792   55.36   45.76
59789   54.03   46.16
59786   52.69   46.53
59783   51.33   46.90
59780   49.95   47.24
59777   48.55   47.56
59774   47.14   47.87
59771   45.71   48.16
59768   44.26   48.42
59765   42.79   48.67
59762   41.32   48.90
59759   39.82   49.11
59756   38.32   49.29
59753   36.81   49.46
59750   35.28   49.60
59747   33.75   49.72
59744   32.21   49.82
59741   30.66   49.90
59738   29.11   49.96
59735   27.56   49.99
59732   26.00   50.00
59729   24.44   49.99
59726   22.89   49.96
59723   21.34   49.90
59720   19.79   49.82
59717   18.25   49.72
59714   16.72   49.60
59711   15.19   49.46
59708   13.68   49.29
59705   12.18   49.11
59702   10.68   48.90
59699    9.21   48.67
59696    7.74   48.42
59693    6.29   48.16
59690    4.86   47.87
59687    3.45   47.56
59684    2.05   47.24
59681    0.67   46.90
59678   -0.69   46.53
59675   -2.03   46.16
59672   -3.36   45.76
59669   -4.66   45.35
59666   -5.94   44.92
59663   -7.20   44.48
59660   -8.45   44.02
59657   -9.67   43.55
59654  -10.87   43.06
59651  -12.05   42.56
59648  -13.21   42.05
59645  -14.35   41.52
59642   65.71   40.64
59639   64.58   41.16
59636   63.43   41.67
59633   62.26   42.17
59630   61.07   42.65
59627   59.86   43.11
59624   58.63   43.57
59621   57.39   44.00
59618   56.12   44.43
59615   54.83   44.83
59612   53.53   45.22
59609   52.21   45.59
59606   50.87   45.95
59603   49.51   46.29
59600   48.13   46.61
59597   46.74   46.91
59594   45.33   47.19
59591   43.91   47.45
59588   42.47   47.70
59585   41.02   47.92
59582   39.55   48.12
59579   38.08   48.30
59576   36.59   48.47
59573   35.10   48.61
59570   33.59   48.73
59567   32.08   48.83
59564   30.57   48.90
59561   29.05   48.96
59558   27.52   48.99
59555   26.00   49.00
59552   24.48   48.99
59549   22.95   48.96
59546   21.43   48.90
59543   19.92   48.83
59540   18.41   48.73
59537   16.90   48.61
59534   15.41   48.47
59531   13.92   48.30
59528   12.45   48.12
59525   10.98   47.92
59522    9.53   47.70
59519    8.09   47.45
59516    6.67   47.19
59513    5.26   46.91
59510    3.87   46.61
59507    2.49   46.29
59504    1.13   45.95
59501   -0.21   45.59
59498   -1.53   45.22
59495   -2.83   44.83
59492   -4.12   44.43
59489   -5.39   44.00
59486   -6.63   43.57
59483   -7.86   43.11
59480   -9.07   42.65
59477  -10.26   42.17
59474  -11.43   41.67
59471  -12.58   41.16
59468  -13.71   40.64
59465   65.10   39.76
59462   63.98   40.27
59459   62.84   40.78
59456   61.68   41.27
59453   60.50   41.74
59450   59.30   42.20
59447   58.09   42.65
59444   56.86   43.08
59441   55.60   43.50
59438   54.34   43.90
59435   53.05   44.28
59432   51.74   44.65
59429   50.42   45.00
59426   49.08   45.33
59423   47.73   45.64
59420   46.36   45.94
59417   44.97   46.22
59414   43.57   46.48
59411   42.16   46.72
59408   40.73   46.94
59405   39.30   47.14
59402   37.85   47.32
59399   36.39   47.48
59396   34.92   47.61
59393   33.45   47.73
59390   31.96   47.83
59387   30.48   47.90
59384   28.99   47.96
59381   27.49   47.99
59378   26.00   48.00
59375   24.51   47.99
59372   23.01   47.96
59369   21.52   47.90
59366   20.04   47.83
59363   18.55   47.73
59360   17.08   47.61
59357   15.61   47.48
59354   14.15   47.32
59351   12.70   47.14
59348   11.27   46.94
59345    9.84   46.72
59342    8.43   46.48
59339    7.03   46.22
59336    5.64   45.94
59333    4.27   45.64
59330    2.92   45.33
59327    1.58   45.00
59324    0.26   44.65
59321   -1.05   44.28
59318   -2.34   43.90
59315   -3.60   43.50
59312   -4.86   43.08
59309   -6.09   42.65
59306   -7.30   42.20
59303   -8.50   41.74
59300   -9.68   41.27
59297  -10.84   40.78
59294  -11.98   40.27
59291  -13.10   39.76
59288   65.61   38.34
59285   64.51   38.87
59282   63.40   39.38
59279   62.27   39.87
59276   61.12   40.36
59273   59.95   40.83
59270   58.77   41.28
59267   57.57   41.72
59264   56.35   42.15
59261   55.11   42.56
59258   53.86   42.96
59255   52.59   43.33
59252   51.30   43.70
59249   50.00   44.04
59246   48.68   44.37
59243   47.35   44.68
59240   46.00   44.97
59237   44.63   45.25
59234   43.26   45.50
59231   41.87   45.74
59228   40.46   45.95
59225   39.05   46.15
59222   37.63   46.33
59219   36.19   46.48
59216   34.75   46.62
59213   33.31   46.74
59210   31.85   46.83
59207   30.39   46.90
59204   28.93   46.96
59201   27.47   46.99
59198   26.00   47.00
59195   24.53   46.99
59192   23.07   46.96
59189   21.61   46.90
59186   20.15   46.83
59183   18.69   46.74
59180   17.25   46.62
59177   15.81   46.48
59174   14.37   46.33
59171   12.95   46.15
59168   11.54   45.95
59165   10.13   45.74
59162    8.74   45.50
59159    7.37   45.25
59156    6.00   44.97
59153    4.65   44.68
59150    3.32   44.37
59147    2.00   44.04
59144    0.70   43.70
59141   -0.59   43.33
59138   -1.86   42.96
59135   -3.11   42.56
59132   -4.35   42.15
59129   -5.57   41.72
59126   -6.77   41.28
59123   -7.95   40.83
59120   -9.12   40.36
59117  -10.27   39.87
59114  -11.40   39.38
59111  -12.51   38.87
59108  -13.61   38.34
59105   65.03   37.45
59102   63.95   37.96
59099   62.84   38.47
59096   61.72   38.96
59093   60.59   39.44
59090   59.43   39.91
59087   58.26   40.36
59084   57.07   40.79
59081   55.87   41.22
59078   54.65   41.62
59075   53.41   42.01
59072   52.15   42.39
59069   50.88   42.74
59066   49.60   43.08
59063   48.30   43.41
59060   46.98   43.71
59057   45.65   44.00
59054   44.31   44.27
59051   42.95   44.52
59048   41.59   44.76
59045   40.21   44.97
59042   38.82   45.16
59039   37.42   45.34
59036   36.01   45.49
59033   34.60   45.63
59030   33.17   45.74
59027   31.75   45.83
59024   30.31   45.91
59021   28.88   45.96
59018   27.44   45.99
59015   26.00   46.00
59012   24.56   45.99
59009   23.12   45.96
59006   21.69   45.91
59003   20.25   45.83
59000   18.83   45.74
58997   17.40   45.63
58994   15.99   45.49
58991   14.58   45.34
58988   13.18   45.16
58985   11.79   44.97
58982   10.41   44.76
58979    9.05   44.52
58976    7.69   44.27
58973    6.35   44.00
58970    5.02   43.71
58967    3.70   43.41
58964    2.40   43.08
58961    1.12   42.74
58958   -0.15   42.39
58955   -1.41   42.01
58952   -2.65   41.62
58949   -3.87   41.22
58946   -5.07   40.79
58943   -6.26   40.36
58940   -7.43   39.91
58937   -8.59   39.44
58934   -9.72   38.96
58931  -10.84   38.47
58928  -11.95   37.96
58925  -13.03   37.45
58922   64.49   36.54
58919   63.41   37.06
58916   62.31   37.56
58913   61.20   38.04
58910   60.08   38.52
58907   58.93   38.98
58904   57.77   39.43
58901   56.60   39.86
58898   55.41   40.28
58895   54.20   40.68
58892   52.98   41.06
58889   51.74   41.43
58886   50.48   41.79
58883   49.22   42.12
58880   47.93   42.44
58877   46.64   42.75
58874   45.33   43.03
58871   44.00   43.30
58868   42.67   43.54
58865   41.32   43.77
58862   39.97   43.98
58859   38.60   44.18
58856   37.22   44.35
58853   35.84   44.50
58850   34.45   44.63
58847   33.05   44.74
58844   31.65   44.84
58841   30.24   44.91
58838   28.83   44.96
58835   27.41   44.99
58832   26.00   45.00
58829   24.59   44.99
58826   23.17   44.96
58823   21.76   44.91
58820   20.35   44.84
58817   18.95   44.74
58814   17.55   44.63
58811   16.16   44.50
58808   14.78   44.35
58805   13.40   44.18
58802   12.03   43.98
58799   10.68   43.77
58796    9.33   43.54
58793    8.00   43.30
58790    6.67   43.03
58787    5.36   42.75
58784    4.07   42.44
58781    2.78   42.12
58778    1.52   41.79
58775    0.26   41.43
58772   -0.98   41.06
58769   -2.20   40.68
58766   -3.41   40.28
58763   -4.60   39.86
58760   -5.77   39.43
58757   -6.93   38.98
58754   -8.08   38.52
58751   -9.20   38.04
58748  -10.31   37.56
58745  -11.41   37.06
58742  -12.49   36.54
58739   63.96   35.63
58736   62.89   36.14
58733   61.81   36.64
58730   60.71   37.12
58727   59.59   37.59
58724   58.46   38.05
58721   57.31   38.49
58718   56.15   38.92
58715   54.97   39.33
58712   53.77   39.73
58709   52.56   40.11
58706   51.34   40.48
58703   50.10   40.83
58700   48.85   41.16
58697   47.59   41.48
58694   46.31   41.77
58691   45.02   42.06
58688   43.71   42.32
58685   42.40   42.56
58682   41.07   42.79
58679   39.73   43.00
58676   38.39   43.19
58673   37.04   43.36
58670   35.67   43.51
58667   34.30   43.64
58664   32.93   43.75
58661   31.55   43.84
58658   30.17   43.91
58655   28.78   43.96
58652   27.39   43.99
58649   26.00   44.00
58646   24.61   43.99
58643   23.22   43.96
58640   21.83   43.91
58637   20.45   43.84
58634   19.07   43.75
58631   17.70   43.64
58628   16.33   43.51
58625   14.96   43.36
58622   13.61   43.19
58619   12.27   43.00
58616   10.93   42.79
58613    9.60   42.56
58610    8.29   42.32
58607    6.98   42.06
58604    5.69   41.77
58601    4.41   41.48
58598    3.15   41.16
58595    1.90   40.83
58592    0.66   40.48
58589   -0.56   40.11
58586   -1.77   39.73
58583   -2.97   39.33
58580   -4.15   38.92
58577   -5.31   38.49
58574   -6.46   38.05
58571   -7.59   37.59
58568   -8.71   37.12
58565   -9.81   36.64
58562  -10.89   36.14
58559  -11.96   35.63
58556   63.46   34.71
58553   62.40   35.22
58550   61.32   35.71
58547   60.23   36.19
58544   59.12   36.66
58541   58.00   37.11
58538   56.87   37.55
58535   55.71   37.97
58532   54.55   38.38
58529   53.37   38.78
58526   52.17   39.15
58523   50.96   39.52
58520   49.74   39.86
58517   48.50   40.19
58514   47.26   40.51
58511   45.99   40.80
58508   44.72   41.08
58505   43.43   41.34
58502   42.14   41.58
58499   40.83   41.81
58496   39.52   42.01
58493   38.19   42.20
58490   36.86   42.36
58487   35.52   42.51
58484   34.17   42.64
58481   32.82   42.75
58478   31.46   42.84
58475   30.10   42.91
58472   28.73   42.96
58469   27.37   42.99
58466   26.00   43.00
58463   24.63   42.99
58460   23.27   42.96
58457   21.90   42.91
58454   20.54   42.84
58451   19.18   42.75
58448   17.83   42.64
58445   16.48   42.51
58442   15.14   42.36
58439   13.81   42.20
58436   12.48   42.01
58433   11.17   41.81
58430    9.86   41.58
58427    8.57   41.34
58424    7.28   41.08
58421    6.01   40.80
58418    4.74   40.51
58415    3.50   40.19
58412    2.26   39.86
58409    1.04   39.52
58406   -0.17   39.15
58403   -1.37   38.78
58400   -2.55   38.38
58397   -3.71   37.97
58394   -4.87   37.55
58391   -6.00   37.11
58388   -7.12   36.66
58385   -8.23   36.19
58382   -9.32   35.71
58379  -10.40   35.22
58376  -11.46   34.71
58373   62.98   33.78
58370   61.93   34.29
58367   60.86   34.78
58364   59.78   35.25
58361   58.68   35.72
58358   57.57   36.17
58355   56.44   36.60
58352   55.30   37.02
58349   54.15   37.43
58346   52.98   37.82
58343   51.80   38.20
58340   50.60   38.55
58337   49.39   38.90
58334   48.17   39.22
58331   46.94   39.53
58328   45.69   39.83
58325   44.44   40.10
58322   43.17   40.36
58319   41.89   40.60
58316   40.60   40.82
58313   39.31   41.02
58310   38.00   41.21
58307   36.69   41.37
58304   35.37   41.52
58301   34.04   41.65
58298   32.71   41.75
58295   31.37   41.84
58292   30.03   41.91
58289   28.69   41.96
58286   27.35   41.99
58283   26.00   42.00
58280   24.65   41.99
58277   23.31   41.96
58274   21.97   41.91
58271   20.63   41.84
58268   19.29   41.75
58265   17.96   41.65
58262   16.63   41.52
58259   15.31   41.37
58256   14.00   41.21
58253   12.69   41.02
58250   11.40   40.82
58247   10.11   40.60
58244    8.83   40.36
58241    7.56   40.10
58238    6.31   39.83
58235    5.06   39.53
58232    3.83   39.22
58229    2.61   38.90
58226    1.40   38.55
58223    0.20   38.20
58220   -0.98   37.82
58217   -2.15   37.43
58214   -3.30   37.02
58211   -4.44   36.60
58208   -5.57   36.17
58205   -6.68   35.72
58202   -7.78   35.25
58199   -8.86   34.78
58196   -9.93   34.29
58193  -10.98   33.78
58190   63.56   32.33
58187   62.52   32.85
58184   61.48   33.35
58181   60.42   33.84
58178   59.34   34.31
58175   58.25   34.77
58172   57.15   35.22
58169   56.04   35.65
58166   54.91   36.07
58163   53.76   36.47
58160   52.61   36.86
58157   51.44   37.23
58154   50.26   37.59
58151   49.06   37.93
58148   47.86   38.25
58145   46.64   38.56
58142   45.41   38.85
58139   44.17   39.12
58136   42.92   39.38
58133   41.66   39.61
58130   40.39   39.83
58127   39.11   40.03
58124   37.82   40.22
58121   36.53   40.38
58118   35.23   40.52
58115   33.92   40.65
58112   32.61   40.76
58109   31.29   40.84
58106   29.97   40.91
58103   28.65   40.96
58100   27.32   40.99
58097   26.00   41.00
58094   24.68   40.99
58091   23.35   40.96
58088   22.03   40.91
58085   20.71   40.84
58082   19.39   40.76
58079   18.08   40.65
58076   16.77   40.52
58073   15.47   40.38
58070   14.18   40.22
58067   12.89   40.03
58064   11.61   39.83
58061   10.34   39.61
58058    9.08   39.38
58055    7.83   39.12
58052    6.59   38.85
58049    5.36   38.56
58046    4.14   38.25
58043    2.94   37.93
58040    1.74   37.59
58037    0.56   37.23
58034   -0.61   36.86
58031   -1.76   36.47
58028   -2.91   36.07
58025   -4.04   35.65
58022   -5.15   35.22
58019   -6.25   34.77
58016   -7.34   34.31
58013   -8.42   33.84
58010   -9.48   33.35
58007  -10.52   32.85
58004  -11.56   32.33
58001   63.11   31.39
57998   62.09   31.91
57995   61.05   32.41
57992   59.99   32.89
57989   58.93   33.36
57986   57.85   33.82
57983   56.76   34.27
57980   55.65   34.70
57977   54.53   35.11
57974   53.40   35.51
57971   52.26   35.90
57968   51.10   36.27
57965   49.93   36.62
57962   48.75   36.96
57959   47.56   37.28
57956   46.35   37.58
57953   45.14   37.87
57950   43.91   38.14
57947   42.68   38.39
57944   41.43   38.63
57941   40.18   38.84
57938   38.92   39.04
57935   37.65   39.22
57932   36.37   39.39
57929   35.09   39.53
57926   33.80   39.65
57923   32.51   39.76
57920   31.21   39.85
57917   29.91   39.91
57914   28.61   39.96
57911   27.31   39.99
57908   26.00   40.00
57905   24.69   39.99
57902   23.39   39.96
57899   22.09   39.91
57896   20.79   39.85
57893   19.49   39.76
57890   18.20   39.65
57887   16.91   39.53
57884   15.63   39.39
57881   14.35   39.22
57878   13.08   39.04
57875   11.82   38.84
57872   10.57   38.63
57869    9.32   38.39
57866    8.09   38.14
57863    6.86   37.87
57860    5.65   37.58
57857    4.44   37.28
57854    3.25   36.96
57851    2.07   36.62
57848    0.90   36.27
57845   -0.26   35.90
57842   -1.40   35.51
57839   -2.53   35.11
57836   -3.65   34.70
57833   -4.76   34.27
57830   -5.85   33.82
57827   -6.93   33.36
57824   -7.99   32.89
57821   -9.05   32.41
57818  -10.09   31.91
57815  -11.11   31.39
57812   62.69   30.45
57809   61.67   30.96
57806   60.63   31.46
57803   59.59   31.94
57800   58.53   32.41
57797   57.46   32.87
57794   56.38   33.31
57791   55.28   33.74
57788   54.17   34.15
57785   53.05   34.55
57782   51.92   34.93
57779   50.77   35.30
57776   49.62   35.65
57773   48.45   35.98
57770   47.27   36.30
57767   46.08   36.60
57764   44.88   36.89
57761   43.67   37.16
57758   42.45   37.41
57755   41.22   37.64
57752   39.98   37.85
57749   38.74   38.05
57746   37.49   38.23
57743   36.23   38.39
57740   34.96   38.53
57737   33.69   38.66
57734   32.42   38.76
57731   31.14   38.85
57728   29.86   38.91
57725   28.57   38.96
57722   27.29   38.99
57719   26.00   39.00
57716   24.71   38.99
57713   23.43   38.96
57710   22.14   38.91
57707   20.86   38.85
57704   19.58   38.76
57701   18.31   38.66
57698   17.04   38.53
57695   15.77   38.39
57692   14.51   38.23
57689   13.26   38.05
57686   12.02   37.85
57683   10.78   37.64
57680    9.55   37.41
57677    8.33   37.16
57674    7.12   36.89
57671    5.92   36.60
57668    4.73   36.30
57665    3.55   35.98
57662    2.38   35.65
57659    1.23   35.30
57656    0.08   34.93
57653   -1.05   34.55
57650   -2.17   34.15
57647   -3.28   33.74
57644   -4.38   33.31
57641   -5.46   32.87
57638   -6.53   32.41
57635   -7.59   31.94
57632   -8.63   31.46
57629   -9.67   30.96
57626  -10.69   30.45
57623   63.28   28.97
57620   62.28   29.49
57617   61.27   30.00
57614   60.24   30.50
57611   59.20   30.98
57608   58.15   31.45
57605   57.09   31.90
57602   56.02   32.34
57599   54.93   32.77
57596   53.83   33.18
57593   52.72   33.58
57590   51.60   33.96
57587   50.46   34.32
57584   49.32   34.67
57581   48.16   35.00
57578   47.00   35.32
57575   45.82   35.62
57572   44.63   35.90
57569   43.44   36.17
57566   42.23   36.42
57563   41.02   36.65
57560   39.80   36.86
57557   38.57   37.06
57554   37.33   37.24
57551   36.09   37.40
57548   34.84   37.54
57545   33.59   37.66
57542   32.33   37.76
57539   31.07   37.85
57536   29.80   37.91
57533   28.54   37.96
57530   27.27   37.99
57527   26.00   38.00
57524   24.73   37.99
57521   23.46   37.96
57518   22.20   37.91
57515   20.93   37.85
57512   19.67   37.76
57509   18.41   37.66
57506   17.16   37.54
57503   15.91   37.40
57500   14.67   37.24
57497   13.43   37.06
57494   12.20   36.86
57491   10.98   36.65
57488    9.77   36.42
57485    8.56   36.17
57482    7.37   35.90
57479    6.18   35.62
57476    5.00   35.32
57473    3.84   35.00
57470    2.68   34.67
57467    1.54   34.32
57464    0.40   33.96
57461   -0.72   33.58
57458   -1.83   33.18
57455   -2.93   32.77
57452   -4.02   32.34
57449   -5.09   31.90
57446   -6.15   31.45
57443   -7.20   30.98
57440   -8.24   30.50
57437   -9.27   30.00
57434  -10.28   29.49
57431  -11.28   28.97
57428   62.89   28.01
57425   61.89   28.53
57422   60.88   29.04
57419   59.86   29.54
57416   58.83   30.02
57413   57.79   30.49
57410   56.74   30.94
57407   55.67   31.38
57404   54.59   31.80
57401   53.50   32.21
57398   52.40   32.60
57395   51.29   32.98
57392   50.17   33.35
57389   49.04   33.69
57386   47.89   34.02
57383   46.74   34.34
57380   45.57   34.64
57377   44.40   34.92
57374   43.22   35.18
57371   42.03   35.43
57368   40.83   35.66
57365   39.62   35.87
57362   38.41   36.07
57359   37.18   36.24
57356   35.96   36.40
57353   34.72   36.54
57350   33.49   36.66
57347   32.25   36.77
57344   31.00   36.85
57341   29.75   36.92
57338   28.50   36.96
57335   27.25   36.99
57332   26.00   37.00
57329   24.75   36.99
57326   23.50   36.96
57323   22.25   36.92
57320   21.00   36.85
57317   19.75   36.77
57314   18.51   36.66
57311   17.28   36.54
57308   16.04   36.40
57305   14.82   36.24
57302   13.59   36.07
57299   12.38   35.87
57296   11.17   35.66
57293    9.97   35.43
57290    8.78   35.18
57287    7.60   34.92
57284    6.43   34.64
57281    5.26   34.34
57278    4.11   34.02
57275    2.96   33.69
57272    1.83   33.35
57269    0.71   32.98
57266   -0.40   32.60
57263   -1.50   32.21
57260   -2.59   31.80
57257   -3.67   31.38
57254   -4.74   30.94
57251   -5.79   30.49
57248   -6.83   30.02
57245   -7.86   29.54
57242   -8.88   29.04
57239   -9.89   28.53
57236  -10.89   28.01
57233   62.51   27.05
57230   61.52   27.57
57227   60.52   28.08
57224   59.51   28.57
57221   58.48   29.05
57218   57.45   29.52
57215   56.40   29.97
57212   55.34   30.41
57209   54.27   30.83
57206   53.19   31.24
57203   52.10   31.63
57200   51.00   32.01
57197   49.89   32.37
57194   48.76   32.71
57191   47.63   33.04
57188   46.49   33.36
57185   45.34   33.65
57182   44.18   33.93
57179   43.01   34.19
57176   41.83   34.44
57173   40.64   34.67
57170   39.45   34.88
57167   38.25   35.07
57164   37.04   35.25
57161   35.83   35.40
57158   34.61   35.54
57155   33.39   35.66
57152   32.17   35.77
57149   30.94   35.85
57146   29.71   35.92
57143   28.47   35.96
57140   27.24   35.99
57137   26.00   36.00
57134   24.76   35.99
57131   23.53   35.96
57128   22.29   35.92
57125   21.06   35.85
57122   19.83   35.77
57119   18.61   35.66
57116   17.39   35.54
57113   16.17   35.40
57110   14.96   35.25
57107   13.75   35.07
57104   12.55   34.88
57101   11.36   34.67
57098   10.17   34.44
57095    8.99   34.19
57092    7.82   33.93
57089    6.66   33.65
57086    5.51   33.36
57083    4.37   33.04
57080    3.24   32.71
57077    2.11   32.37
57074    1.00   32.01
57071   -0.10   31.63
57068   -1.19   31.24
57065   -2.27   30.83
57062   -3.34   30.41
57059   -4.40   29.97
57056   -5.45   29.52
57053   -6.48   29.05
57050   -7.51   28.57
57047   -8.52   28.08
57044   -9.52   27.57
57041  -10.51   27.05
57038   58.15   28.07
57035   57.12   28.54
57032   56.08   28.99
57029   55.03   29.43
57026   53.97   29.85
57023   52.89   30.26
57020   51.81   30.65
57017   50.72   31.02
57014   49.62   31.38
57011   48.51   31.73
57008   47.38   32.06
57005   46.25   32.37
57002   45.11   32.66
56999   43.96   32.94
56996   42.81   33.20
56993   41.64   33.45
56990   40.47   33.68
56987   39.29   33.89
56984   38.10   34.08
56981   36.91   34.25
56978   35.71   34.41
56975   34.51   34.55
56972   33.30   34.67
56969   32.09   34.77
56966   30.88   34.85
56963   29.66   34.92
56960   28.44   34.96
56957   27.22   34.99
56954   26.00   35.00
56951   24.78   34.99
56948   23.56   34.96
56945   22.34   34.92
56942   21.12   34.85
56939   19.91   34.77
56936   18.70   34.67
56933   17.49   34.55
56930   16.29   34.41
56927   15.09   34.25
56924   13.90   34.08
56921   12.71   33.89
56918   11.53   33.68
56915   10.36   33.45
56912    9.19   33.20
56909    8.04   32.94
56906    6.89   32.66
56903    5.75   32.37
56900    4.62   32.06
56897    3.49   31.73
56894    2.38   31.38
56891    1.28   31.02
56888    0.19   30.65
56885   -0.89   30.26
56882   -1.97   29.85
56879   -3.03   29.43
56876   -4.08   28.99
56873   -5.12   28.54
56870   -6.15   28.07
56867   54.73   28.45
56864   53.67   28.87
56861   52.61   29.27
56858   51.54   29.66
56855   50.45   30.04
56852   49.36   30.40
56849   48.26   30.74
56846   47.15   31.07
56843   46.03   31.38
56840   44.90   31.68
56837   43.76   31.95
56834   42.61   32.21
56831   41.46   32.46
56828   40.30   32.68
56825   39.13   32.89
56822   37.96   33.08
56819   36.78   33.26
56816   35.60   33.41
56813   34.41   33.55
56810   33.22   33.67
56807   32.02   33.77
56804   30.82   33.85
56801   29.62   33.92
56798   28.41   33.96
56795   27.21   33.99
56792   26.00   34.00
56789   24.79   33.99
56786   23.59   33.96
56783   22.38   33.92
56780   21.18   33.85
56777   19.98   33.77
56774   18.78   33.67
56771   17.59   33.55
56768   16.40   33.41
56765   15.22   33.26
56762   14.04   33.08
56759   12.87   32.89
56756   11.70   32.68
56753   10.54   32.46
56750    9.39   32.21
56747    8.24   31.95
56744    7.10   31.68
56741    5.97   31.38
56738    4.85   31.07
56735    3.74   30.74
56732    2.64   30.40
56729    1.55   30.04
56726    0.46   29.66
56723   -0.61   29.27
56720   -1.67   28.87
56717   -2.73   28.45
56714   51.28   28.68
56711   50.20   29.05
56708   49.12   29.41
56705   48.02   29.75
56702   46.92   30.08
56699   45.81   30.39
56696   44.69   30.68
56693   43.57   30.96
56690   42.43   31.22
56687   41.29   31.46
56684   40.14   31.69
56681   38.99   31.90
56678   37.83   32.09
56675   36.66   32.26
56672   35.49   32.41
56669   34.31   32.55
56666   33.13   32.67
56663   31.95   32.77
56660   30.76   32.85
56657   29.57   32.92
56654   28.38   32.96
56651   27.19   32.99
56648   26.00   33.00
56645   24.81   32.99
56642   23.62   32.96
56639   22.43   32.92
56636   21.24   32.85
56633   20.05   32.77
56630   18.87   32.67
56627   17.69   32.55
56624   16.51   32.41
56621   15.34   32.26
56618   14.17   32.09
56615   13.01   31.90
56612   11.86   31.69
56609   10.71   31.46
56606    9.57   31.22
56603    8.43   30.96
56600    7.31   30.68
56597    6.19   30.39
56594    5.08   30.08
56591    3.98   29.75
56588    2.88   29.41
56585    1.80   29.05
56582    0.72   28.68
56579   48.89   28.42
56576   47.80   28.76
56573   46.71   29.09
56570   45.61   29.40
56567   44.50   29.69
56564   43.38   29.97
56561   42.26   30.23
56558   41.13   30.47
56555   39.99   30.69
56552   38.85   30.90
56549   37.70   31.09
56546   36.54   31.26
56543   35.39   31.42
56540   34.22   31.55
56537   33.05   31.67
56534   31.88   31.77
56531   30.71   31.85
56528   29.53   31.92
56525   28.36   31.96
56522   27.18   31.99
56519   26.00   32.00
56516   24.82   31.99
56513   23.64   31.96
56510   22.47   31.92
56507   21.29   31.85
56504   20.12   31.77
56501   18.95   31.67
56498   17.78   31.55
56495   16.61   31.42
56492   15.46   31.26
56489   14.30   31.09
56486   13.15   30.90
56483   12.01   30.69
56480   10.87   30.47
56477    9.74   30.23
56474    8.62   29.97
56471    7.50   29.69
56468    6.39   29.40
56465    5.29   29.09
56462    4.20   28.76
56459    3.11   28.42
56456   46.51   28.09
56453   45.41   28.40
56450   44.31   28.70
56447   43.21   28.97
56444   42.09   29.23
56441   40.97   29.47
56438   39.85   29.70
56435   38.72   29.90
56432   37.58   30.09
56429   36.43   30.26
56426   35.29   30.42
56423   34.14   30.55
56420   32.98   30.67
56417   31.82   30.77
56414   30.66   30.85
56411   29.50   30.92
56408   28.33   30.96
56405   27.17   30.99
56402   26.00   31.00
56399   24.83   30.99
56396   23.67   30.96
56393   22.50   30.92
56390   21.34   30.85
56387   20.18   30.77
56384   19.02   30.67
56381   17.86   30.55
56378   16.71   30.42
56375   15.57   30.26
56372   14.42   30.09
56369   13.28   29.90
56366   12.15   29.70
56363   11.03   29.47
56360    9.91   29.23
56357    8.79   28.97
56354    7.69   28.70
56351    6.59   28.40
56348    5.49   28.09
56345   44.14   27.70
56342   43.04   27.97
56339   41.94   28.23
56336   40.83   28.47
56333   39.71   28.70
56330   38.59   28.91
56327   37.46   29.09
56324   36.33   29.27
56321   35.19   29.42
56318   34.05   29.55
56315   32.91   29.67
56312   31.76   29.77
56309   30.61   29.85
56306   29.46   29.92
56303   28.31   29.96
56300   27.15   29.99
56297   26.00   30.00
56294   24.85   29.99
56291   23.69   29.96
56288   22.54   29.92
56285   21.39   29.85
56282   20.24   29.77
56279   19.09   29.67
56276   17.95   29.55
56273   16.81   29.42
56270   15.67   29.27
56267   14.54   29.09
56264   13.41   28.91
56261   12.29   28.70
56258   11.17   28.47
56255   10.06   28.23
56252    8.96   27.97
56249    7.86   27.70
56246   41.79   27.23
56243   40.69   27.48
56240   39.58   27.70
56237   38.47   27.91
56234   37.35   28.10
56231   36.23   28.27
56228   35.10   28.42
56225   33.98   28.56
56222   32.84   28.67
56219   31.71   28.77
56216   30.57   28.85
56213   29.43   28.92
56210   28.29   28.96
56207   27.14   28.99
56204   26.00   29.00
56201   24.86   28.99
56198   23.71   28.96
56195   22.57   28.92
56192   21.43   28.85
56189   20.29   28.77
56186   19.16   28.67
56183   18.02   28.56
56180   16.90   28.42
56177   15.77   28.27
56174   14.65   28.10
56171   13.53   27.91
56168   12.42   27.70
56165   11.31   27.48
56162   10.21   27.23
56159   39.46   26.70
56156   38.36   26.91
56153   37.25   27.10
56150   36.14   27.27
56147   35.02   27.42
56144   33.90   27.56
56141   32.78   27.67
56138   31.65   27.77
56135   30.53   27.85
56132   29.40   27.92
56129   28.26   27.96
56126   27.13   27.99
56123   26.00   28.00
56120   24.87   27.99
56117   23.74   27.96
56114   22.60   27.92
56111   21.47   27.85
56108   20.35   27.77
56105   19.22   27.67
56102   18.10   27.56
56099   16.98   27.42
56096   15.86   27.27
56093   14.75   27.10
56090   13.64   26.91
56087   12.54   26.70
56084   38.25   25.91
56081   37.15   26.10
56078   36.05   26.27
56075   34.94   26.42
56072   33.83   26.56
56069   32.72   26.67
56066   31.60   26.77
56063   30.48   26.85
56060   29.36   26.92
56057   28.24   26.96
56054   27.12   26.99
56051   26.00   27.00
56048   24.88   26.99
56045   23.76   26.96
56042   22.64   26.92
56039   21.52   26.85
56036   20.40   26.77
56033   19.28   26.67
56030   18.17   26.56
56027   17.06   26.42
56024   15.95   26.27
56021   14.85   26.10
56018   13.75   25.91
56015   37.05   25.09
56012   35.96   25.27
56009   34.86   25.42
56006   33.76   25.56
56003   32.66   25.67
56000   31.55   25.77
55997   30.45   25.85
55994   29.34   25.92
55991   28.22   25.96
55988   27.11   25.99
55985   26.00   26.00
55982   24.89   25.99
55979   23.78   25.96
55976   22.66   25.92
55973   21.55   25.85
55970   20.45   25.77
55967   19.34   25.67
55964   18.24   25.56
55961   17.14   25.42
55958   16.04   25.27
55955   14.95   25.09
55952   34.79   24.42
55949   33.70   24.55
55946   32.61   24.67
55943   31.51   24.77
55940   30.41   24.85
55937   29.31   24.92
55934   28.21   24.96
55931   27.10   24.99
55928   26.00   25.00
55925   24.90   24.99
55922   23.79   24.96
55919   22.69   24.92
55916   21.59   24.85
55913   20.49   24.77
55910   19.39   24.67
55907   18.30   24.55
55904   17.21   24.42
55901   33.64   23.55
55898   32.55   23.67
55895   31.46   23.77
55892   30.37   23.85
55889   29.28   23.92
55886   28.19   23.96
55883   27.09   23.99
55880   26.00   24.00
55877   24.91   23.99
55874   23.81   23.96
55871   22.72   23.92
55868   21.63   23.85
55865   20.54   23.77
55862   19.45   23.67
55859   18.36   23.55
55856   32.50   22.67
55853   31.42   22.77
55850   30.34   22.85
55847   29.26   22.92
55844   28.17   22.96
55841   27.09   22.99
55838   26.00   23.00
55835   24.91   22.99
55832   23.83   22.96
55829   22.74   22.92
55826   21.66   22.85
55823   20.58   22.77
55820   19.50   22.67
55817   31.39   21.77
55814   30.31   21.85
55811   29.23   21.92
55808   28.16   21.96
55805   27.08   21.99
55802   26.00   22.00
55799   24.92   21.99
55796   23.84   21.96
55793   22.77   21.92
55790   21.69   21.85
55787   20.61   21.77
55784   30.28   20.85
55781   29.21   20.92
55778   28.14   20.96
55775   27.07   20.99
55772   26.00   21.00
55769   24.93   20.99
55766   23.86   20.96
55763   22.79   20.92
55760   21.72   20.85
55757   29.19   19.92
55754   28.13   19.96
55751   27.06   19.99
55748   26.00   20.00
55745   24.94   19.99
55742   23.87   19.96
55739   22.81   19.92
55736   28.11   18.96
55733   27.06   18.99
55730   26.00   19.00
55727   24.94   18.99
55724   23.89   18.96
55721   27.05   17.99
55718   26.00   18.00
55715   24.95   17.99
55712   27.05   16.99
55709   26.00   17.00
55706   24.95   16.99
55703   26.00   16.00

